-1  0  0  0  0  0  0  0  0  0  0  0  0  0  0  0  0  0  0 -1
-1  0  0  0  0  0  0  0  0  0  0  0  0  0  0  0  0  0  0 -1
-1  0  0  0  0  0  0  0  0  0  0  0  0  0  0  0  0  0  0 -1
-1  0  0  0  0  0  0  0  0  0  0  0  0  0  0  0  0  0  0 -1
-1  0  0  0  0  0  0  0  0  0  0  0  0  0  0  0  0  0  0 -1
-1  0  0  0  0  0  0  0  0  0  0  0  0  0  0  0  0  0  0 -1
-1  0  0  0  0  0  0  0  0  0  0  0  0  0  0  0  0  0  0 -1
-1  0  0  0  0  0  0  0  0  0  0  0  0  0  0  0  0  0  0 -1
-1  0  0  0  0  0  0  0  0  0  0  0  0  0  0  0  0  0  0 -1
-1  0  0  0  0  0  0  0  0  2  0  0  0  0  0  0  0  0  0 -1
-1  0  0  0  0  0  0  0  0  2  0  0  0  0  0  0  0  0  0 -1
-1  0  0  0  0  0  0  3  4  2  4  5  0  0  0  0  0  0  0 -1
-1  0  0  0  0  3  4  2  2  2  2  2  4  5  0  0  0  0  0 -1
-1  3  4  4  4  2  2  2  2  2  2  2  2  2  4  4  4  4  5 -1
-1  2  2  2  2  2  2  2  2  2  2  2  2  2  2  2  2  2  2 -1

10 10 10 10 10 10 10 10 10 10 10 10 10 10 10 10 10 10 10 10
10  0  0  0  0  0  0  0  0  0  0  0  0  0  0  0  0  0  0 10
10  0  0  0  0  0  0  0  0  0  0  0  0  0  0  0  0  0  0 10
10  0  0  0  0  0  0  0  0  0  0  0  0  0  0  0  0  0  0 10
10 10 10  0  0  0  0  0 10 10 10 10  0  0  0  0  0  0  0 10
10  0 10 10 10  0  0  0  0  0  0  0  0  0  0  0  0  0 10 10
10  0  0  0 10  0  0 10  0  0  0  0  0  0  0  0  0  0  0 10
10  0  0  0 10 10  0  0  0  0  0  0  0  0  0  0  0  0  0 10
10  0  0  0  0  0  0  0  0  0  0  0  0  0  0  0  0 10 10 10
10  0  0  0  0  0 15 15 15  0  0  0  0  0  0 10  0  0  0 10
10  0  0  0  0  0  0  0  0  0  0  0  0  0  0  0  0  0  0 10
10  0  0  0  0  0  0  0  0  0  0 15 15 15  0  0  0  0  0 10
10  0  0  0  0  0  0  0  0  0  0  0  0  0  0  0  0  0  0 10
10  0  0 10 10 10  0  0  0 10 10  0  0  0 10 10 10  0  0 10
10 10 10 10 10 10 10 10 10 10 10 10 10 10 10 10 10 10 10 10

-1  0  0  0  0  0  0  0  0  0  0  0  0  0  0  0  0  0  0 -1
-1  0  0  0  0  0  0  0  0  0  0  0  0  0  0  0  0  0  0 -1
-1  0  0  0  0  0  0  0  0  0  0  0  0  0  0  0  0  0  0 -1
-1  0  0  0  0  0  0  0  0  0  0  0  0  0  0  0  0  0  0 -1
-1  0  0  0  0  0  0  0  0  0  0  0  0  0  0  0  0  0  0 -1
-1  0  0  0  0  0  0  0  0  0  0  0  0  0  0  0  0  0  0 -1
-1  0  0  0  0  0  0  0  0  0  0  0  0  0  0  0  0  0  0 -1
-1  0  0  0  0  0  0  0  0  0  0  0  0  0  0  0  0  0  0 -1
-1  0  0  0  0  0  0  0  0  0  0  0  0  0  0  0  0  0  0 -1
-1  0  0  0  0  0  0  0  0  0  0  0  0  0  0  0  0  0  0 -1
-1  0  0  0  0  0  0  0  0  0  0  0  0  0  0  0  0  0  0 -1
-1  0  0  0  0  0  0  0  0  0  0  0  0  0  0  0  0  0  0 -1
-1  0  0  0  0  0  0  0  0  0  0  0  0  0  0  0  0  0  0 -1
-1  0  0  0  0  0  0  0  0  0  0  0  0  0  0  0  0  0  0 -1
 0  3  4  4  4  4  4  4  4  4  4  4  4  4  4  4  4  4  5  0